Starting imports...
Basic imports done...
All imports complete!
# FastTD3 Training
# Config: envs=8, n_steps=3, num_updates=2, batch_size=256
# Episode length: 1000 steps (HalfCheetah-v5)
# Columns: timestep,episode_reward,eval_reward,episodes_completed,wall_time,phase
# Data:
0,0.0,-356.97,0,0.00
1000,-279.79,0.0,8,9.00,E
2000,-279.79,0.0,8,9.89,E
3000,-282.91,0.0,16,10.66,E
4000,-285.52,0.0,24,11.47,E
5000,-338.24,0.0,32,12.36,E
5000,-338.24,-356.97,32,19.61
6000,-377.14,0.0,40,20.28,E
7000,-302.90,0.0,48,20.94,E
8000,-274.13,0.0,56,21.68,E
9000,-289.31,0.0,64,22.45,E
10000,-347.34,0.0,72,23.17,E
10000,-347.34,-356.97,72,29.98
11000,-261.54,0.0,80,236.23,T
12000,-523.20,0.0,88,427.23,T
13000,-450.87,0.0,96,610.26,T
14000,-358.36,0.0,104,802.08,T
15000,-459.09,0.0,112,984.57,T
15000,-459.09,-461.87,112,992.78
16000,-530.77,0.0,120,1186.76,T
17000,-425.65,0.0,128,1368.22,T
18000,-535.65,0.0,136,1560.33,T
19000,-547.06,0.0,144,1741.80,T
20000,-367.03,0.0,152,1932.78,T
20000,-367.03,-399.76,152,1941.52
21000,-348.17,0.0,160,2120.09,T
22000,-364.40,0.0,168,2314.23,T
23000,-303.52,0.0,176,2496.00,T
24000,-145.18,0.0,184,2692.18,T
25000,-261.93,0.0,192,2871.08,T
25000,-261.93,-146.15,192,2878.71
26000,-220.46,0.0,200,3073.86,T
27000,-127.71,0.0,208,3252.45,T
28000,-174.98,0.0,216,3446.27,T
29000,-281.55,0.0,224,3625.16,T
30000,-264.75,0.0,232,3819.26,T
30000,-264.75,-396.82,232,3826.98
31000,-225.60,0.0,240,4007.09,T
32000,-252.95,0.0,248,4201.83,T
33000,-451.68,0.0,256,4382.10,T
34000,-427.57,0.0,264,4580.97,T
35000,-396.73,0.0,272,4760.96,T
35000,-396.73,-259.46,272,4768.65
36000,-392.48,0.0,280,4964.41,T
37000,-205.01,0.0,288,5144.39,T
38000,-115.88,0.0,296,5340.62,T
39000,-71.67,0.0,304,5520.54,T
40000,2.79,0.0,312,5691.41,T
40000,2.79,225.20,312,5697.79
41000,96.88,0.0,320,5867.67,T
42000,175.84,0.0,328,6037.24,T
43000,251.14,0.0,336,6206.77,T
44000,254.51,0.0,344,6376.68,T
45000,297.11,0.0,352,6545.60,T
45000,297.11,390.04,352,6552.40
46000,327.91,0.0,360,6722.77,T
47000,342.28,0.0,368,6892.83,T
48000,311.18,0.0,376,7061.73,T
49000,298.63,0.0,384,7231.88,T
50000,306.77,0.0,392,7400.75,T
50000,306.77,357.90,392,7407.02
51000,362.17,0.0,400,7576.55,T
52000,367.11,0.0,408,7744.76,T
53000,351.75,0.0,416,7913.56,T
54000,409.11,0.0,424,8083.59,T
55000,419.55,0.0,432,8251.98,T
55000,419.55,531.90,432,8258.38
56000,458.50,0.0,440,8428.26,T
57000,460.11,0.0,448,8598.30,T
58000,491.71,0.0,456,8769.69,T
59000,866.74,0.0,464,8939.71,T
60000,1046.85,0.0,472,9109.80,T
60000,1046.85,1430.60,472,9115.96
61000,1309.26,0.0,480,9285.18,T
62000,1432.13,0.0,488,9454.82,T
63000,1432.72,0.0,496,9623.88,T
64000,1376.30,0.0,504,9794.27,T
65000,1625.95,0.0,512,9963.58,T
65000,1625.95,1645.21,512,9969.86
66000,1990.36,0.0,520,10139.88,T
67000,1975.13,0.0,528,10308.96,T
68000,2061.10,0.0,536,10478.26,T
69000,2295.14,0.0,544,10647.99,T
70000,2386.68,0.0,552,10817.83,T
70000,2386.68,2712.04,552,10823.93
71000,2333.51,0.0,560,10993.92,T
72000,2315.18,0.0,568,11164.46,T
73000,2432.02,0.0,576,11334.14,T
74000,2539.41,0.0,584,11504.66,T
75000,2649.46,0.0,592,11674.06,T
75000,2649.46,2975.37,592,11680.62
76000,2662.46,0.0,600,11848.84,T
77000,2744.29,0.0,608,12017.42,T
78000,2807.34,0.0,616,12187.29,T
79000,2881.67,0.0,624,12357.07,T
80000,3013.82,0.0,632,12526.52,T
80000,3013.82,3169.37,632,12533.01
81000,3067.31,0.0,640,12702.71,T
82000,3027.64,0.0,648,12871.45,T
83000,3284.68,0.0,656,13041.99,T
84000,3528.19,0.0,664,13211.99,T
85000,3108.11,0.0,672,13382.94,T
85000,3108.11,4069.92,672,13389.53
86000,2738.07,0.0,680,13560.02,T
87000,3541.17,0.0,688,13729.15,T
88000,3456.50,0.0,696,13898.72,T
89000,3535.98,0.0,704,14070.13,T
90000,3540.86,0.0,712,14241.89,T
90000,3540.86,3367.25,712,14248.16
91000,3554.93,0.0,720,14418.36,T
92000,3661.35,0.0,728,14588.23,T
93000,3702.56,0.0,736,14756.87,T
94000,3750.23,0.0,744,14926.44,T
95000,3837.91,0.0,752,15095.84,T
95000,3837.91,3583.75,752,15102.44
96000,3865.41,0.0,760,15272.02,T
97000,3957.54,0.0,768,15441.88,T
98000,3936.69,0.0,776,15611.11,T
99000,3926.46,0.0,784,15781.18,T
100000,3979.76,0.0,792,15952.53,T
100000,3979.76,4255.01,792,15958.79
101000,4117.03,0.0,800,16127.22,T
102000,4101.29,0.0,808,16296.29,T
103000,4100.85,0.0,816,16465.15,T
104000,4128.82,0.0,824,16634.40,T
105000,4157.56,0.0,832,16803.06,T
105000,4157.56,4463.11,832,16809.51
106000,4018.99,0.0,840,16977.99,T
107000,4200.55,0.0,848,17147.51,T
108000,4227.48,0.0,856,17316.41,T
109000,4192.99,0.0,864,17485.04,T
110000,4172.16,0.0,872,17654.45,T
110000,4172.16,4310.98,872,17660.92
111000,4148.26,0.0,880,17830.11,T
112000,3948.35,0.0,888,17998.14,T
113000,3920.54,0.0,896,18169.34,T
114000,3988.74,0.0,904,18340.05,T
115000,4107.83,0.0,912,18510.28,T
115000,4107.83,4323.48,912,18516.67
116000,4111.28,0.0,920,18687.00,T
117000,4181.60,0.0,928,18856.85,T
118000,4231.03,0.0,936,19026.34,T
119000,4286.56,0.0,944,19194.14,T
120000,4305.28,0.0,952,19364.85,T
120000,4305.28,4677.46,952,19371.31
121000,4370.96,0.0,960,19541.50,T
122000,4323.52,0.0,968,19711.53,T
123000,4347.15,0.0,976,19881.79,T
124000,4298.96,0.0,984,20051.52,T
125000,4313.50,0.0,992,20221.44,T
125000,4313.50,4495.17,992,20227.76
126000,4320.60,0.0,1000,20397.67,T
127000,4351.25,0.0,1008,20567.40,T
128000,4329.79,0.0,1016,20737.01,T
129000,4377.13,0.0,1024,20919.25,T
130000,4367.82,0.0,1032,21088.64,T
130000,4367.82,4637.55,1032,21095.08
131000,4390.41,0.0,1040,21273.29,T
132000,4354.69,0.0,1048,21454.65,T
133000,4344.16,0.0,1056,21643.41,T
134000,4274.42,0.0,1064,21814.04,T
135000,4284.52,0.0,1072,21983.96,T
135000,4284.52,4761.32,1072,21990.24
136000,4393.19,0.0,1080,22158.87,T
137000,4392.01,0.0,1088,22338.49,T
138000,4415.94,0.0,1096,22515.22,T
139000,4451.37,0.0,1104,22686.49,T
140000,4469.34,0.0,1112,22859.22,T
140000,4469.34,4834.91,1112,22865.95
141000,4491.65,0.0,1120,23037.90,T
142000,4490.84,0.0,1128,23211.10,T
143000,4500.02,0.0,1136,23383.81,T
144000,4501.80,0.0,1144,23572.13,T
145000,4556.25,0.0,1152,23749.98,T
145000,4556.25,4835.21,1152,23756.70
146000,4472.39,0.0,1160,23928.33,T
147000,4490.47,0.0,1168,24100.41,T
148000,4474.48,0.0,1176,24272.16,T
149000,4521.28,0.0,1184,24446.39,T
150000,4545.06,0.0,1192,24617.87,T
150000,4545.06,4769.43,1192,24624.30
151000,4571.80,0.0,1200,24795.45,T
152000,4572.44,0.0,1208,24968.77,T
153000,4608.08,0.0,1216,25140.16,T
154000,4591.62,0.0,1224,25312.61,T
155000,4623.23,0.0,1232,25483.12,T
155000,4623.23,4984.82,1232,25489.50
156000,4641.22,0.0,1240,25660.14,T
157000,4660.04,0.0,1248,25836.34,T
158000,4656.25,0.0,1256,26019.77,T
159000,4620.23,0.0,1264,26191.77,T
160000,4649.67,0.0,1272,26363.64,T
160000,4649.67,5116.97,1272,26370.32
161000,4704.06,0.0,1280,26542.13,T
162000,4675.88,0.0,1288,26714.37,T
163000,4665.95,0.0,1296,26885.89,T
164000,4645.65,0.0,1304,27057.76,T
165000,4717.18,0.0,1312,27234.56,T
165000,4717.18,4932.37,1312,27241.30
166000,4681.46,0.0,1320,27412.96,T
167000,4729.73,0.0,1328,27588.52,T
168000,4672.75,0.0,1336,27760.59,T
169000,4486.74,0.0,1344,27961.98,T
170000,4526.63,0.0,1352,28141.05,T
170000,4526.63,4988.35,1352,28147.44
171000,4551.67,0.0,1360,28327.34,T
172000,4627.24,0.0,1368,28500.41,T
173000,4632.72,0.0,1376,28686.85,T
174000,4633.82,0.0,1384,28891.83,T
175000,4673.70,0.0,1392,29073.75,T
175000,4673.70,5218.77,1392,29080.85
176000,4689.43,0.0,1400,29270.67,T
177000,4656.23,0.0,1408,29443.28,T
178000,4641.21,0.0,1416,29616.53,T
179000,4647.78,0.0,1424,29798.69,T
180000,4730.55,0.0,1432,29969.47,T
180000,4730.55,4998.15,1432,29975.61
181000,4779.52,0.0,1440,30146.98,T
182000,4782.66,0.0,1448,30318.44,T
183000,4743.55,0.0,1456,30507.23,T
184000,4746.98,0.0,1464,30683.35,T
185000,4752.83,0.0,1472,30855.53,T
185000,4752.83,5303.51,1472,30861.94
186000,4780.77,0.0,1480,31034.91,T
187000,4812.65,0.0,1488,31207.08,T
188000,4833.94,0.0,1496,31378.56,T
189000,4797.70,0.0,1504,31551.66,T
190000,4788.01,0.0,1512,31722.54,T
190000,4788.01,5192.95,1512,31728.85
191000,4831.34,0.0,1520,31900.35,T
192000,4851.85,0.0,1528,32071.92,T
193000,4854.38,0.0,1536,32243.46,T
194000,4827.51,0.0,1544,32414.44,T
195000,4820.81,0.0,1552,32585.24,T
195000,4820.81,5298.77,1552,32591.68
196000,4836.52,0.0,1560,32763.13,T
197000,4762.53,0.0,1568,32935.30,T
198000,4761.00,0.0,1576,33107.59,T
199000,4704.92,0.0,1584,33278.99,T
200000,3781.25,0.0,1592,33449.58,T
200000,3781.25,5286.92,1592,33455.97
200000,3781.25,5267.20,1592,33469.58
# Training complete! Final eval: 5267.20, Episodes: 1592
# Model saved to trained_td3.pkl
